e 0 -1 40
l 0 0 0
u 0 1 0
f 60.0
i 500 500
s 1
S -9 -8.9 -8 6 
0.01 0.01 0.01
0.0 0.0 0.0
0.75 0.75 0.75
0.00001
S 8 -8.9 -1 6
0.01 0.01 0.01
0.5 0.5 0.5
1.0 1.0 1.0
1.8
P 0 -15 0 0 1 0
0.25 0.25 0.25
0.5 0.5 0.5
0.0 0.0 0.0
0.0
P 0 15 0 0 -1 0
0.025 0.025 0.025
0.5 0.5 0.5
0.0 0.0 0.0
0.0
P 0 0 -20 0 0 1
0.025 0.025 0.025
0.5 0.5 0.5
0.0 0.0 0.0
0.0
P 20 0 0 -1 0 0
0.025 0.025 0.025
0.4 0.4 0.8
0.0 0.0 0.0
0.0
P -20 0 0 1 0 0
0.025 0.025 0.025
0.8 0.4 0.4
0.0 0.0 0.0
0.0
A -5 14 -2 10 0 0 0 0 -10
0.8 0.8 0.8
A -5 14 -2 10 0 0 0 0 -10
0.7 0.7 0.7
